$ANSIBLE_VAULT;1.1;AES256
61313937303631383532386230623464333364376566666661663864366635313861393535323265
3532356562303033383136323132333163393237623461620a346333653062613063646133376365
38613839393838643630613631303334633836653062386664643332663331393332656236633663
3235626366343730360a333137623337316636616238366639393862616333616434366665663166
61396665636332313364623165353831663634386365623232396338343061316432303732353061
33643938663432626463633539343139353334306139646239633066663532393431626532333230
32326663653266333835393565653735356632383637643938333435316261343966363564373935
32303033346238343362643338636331343165316132613163386132313334383039383163396339
65323164353438663765656262313264613235333730653639636535383038643864613762663163
61656133626435353964633030396330396533346533363534303165393238383866613136663666
30666665633833623437303665343133353839393633356335633963366362383034393039386432
64633134313762323931623738656332643038653136383861393964653961333831613835353239
36343330636639346232376461323163386338626633393864623239666265633163633261643863
61646134643465626130643235356336623737373565333130636365303937386631323835623363
31393132353961663738323966646634653162356330663833393134666639356336323839313036
65323836333765313432633165666130393337616332303331323430376361383536306663326431
63313563393464333362313533636438363031376638366562326235373662386164333964613538
63646437653433303433356439663235393632376237363665383737343464313830303361386266
65663064363538653064316137313232303434366433376562373031396235363163323436333638
31393731656336373634643164363139326564663862656332343438336434636563363264313136
31653537663063363464366231326333373961343738643066643339306262383366313330366134
65653339373662353732303466643036393037333037623634306633333163666239376266646361
38633965316636653966323866326263386532663465303337653734346463386262643839663433
63353638623732383034653163323365363338383735653965343862636436333462353062323139
3638
